SPEAKER         id       #SENT      #WORD       Corr        Sub        Ins        Del        Err      S.Err
c30             raw         98       1455       1340         81         18         34        133         62
c30             sys         98       1455      92.10       5.57       1.24       2.34       9.14      63.27
c32             raw         97       1491       1423         57         13         11         81         41
c32             sys         97       1491      95.44       3.82       0.87       0.74       5.43      42.27
c33             raw         81       1422       1392         25         11          5         41         24
c33             sys         81       1422      97.89       1.76       0.77       0.35       2.88      29.63
c37             raw         94       1504       1395         70         25         39        134         67
c37             sys         94       1504      92.75       4.65       1.66       2.59       8.91      71.28
c39             raw        100       1580       1543         22          5         15         42         29
c39             sys        100       1580      97.66       1.39       0.32       0.95       2.66      29.00
c3b             raw         94       1433       1396         27          7         10         44         29
c3b             sys         94       1433      97.42       1.88       0.49       0.70       3.07      30.85
c3h             raw         94       1590       1534         35          5         21         61         38
c3h             sys         94       1590      96.48       2.20       0.31       1.32       3.84      40.43
c3o             raw         98       1513       1469         33          6         11         50         34
c3o             sys         98       1513      97.09       2.18       0.40       0.73       3.30      34.69
c3q             raw         95       1556       1431         97         26         28        151         59
c3q             sys         95       1556      91.97       6.23       1.67       1.80       9.70      62.11
c3r             raw         90       1498       1390         90         13         18        121         55
c3r             sys         90       1498      92.79       6.01       0.87       1.20       8.08      61.11
c3y             raw        103       1612       1593         13          1          6         20         19
c3y             sys        103       1612      98.82       0.81       0.06       0.37       1.24      18.45
c46             raw         99       1583       1492         47         12         44        103         57
c46             sys         99       1583      94.25       2.97       0.76       2.78       6.51      57.58
c48             raw         96       1506       1459         37         19         10         66         37
c48             sys         96       1506      96.88       2.46       1.26       0.66       4.38      38.54
SUM             raw       1239      19743      18857        634        161        252       1047        551
SUM             sys       1239      19743      95.51       3.21       0.82       1.28       5.30      44.47
