SPEAKER         id       #SENT      #WORD       Corr        Sub        Ins        Del        Err      S.Err
c30             raw         98       1455       1356         69         16         30        115         61
c30             sys         98       1455      93.20       4.74       1.10       2.06       7.90      62.24
c32             raw         97       1491       1411         65         19         15         99         44
c32             sys         97       1491      94.63       4.36       1.27       1.01       6.64      45.36
c33             raw         81       1422       1395         26         10          1         37         25
c33             sys         81       1422      98.10       1.83       0.70       0.07       2.60      30.86
c37             raw         94       1504       1364         93         25         47        165         70
c37             sys         94       1504      90.69       6.18       1.66       3.12      10.97      74.47
c39             raw        100       1580       1540         27          9         13         49         30
c39             sys        100       1580      97.47       1.71       0.57       0.82       3.10      30.00
c3b             raw         94       1433       1404         25          7          4         36         25
c3b             sys         94       1433      97.98       1.74       0.49       0.28       2.51      26.60
c3h             raw         94       1590       1535         39         16         16         71         35
c3h             sys         94       1590      96.54       2.45       1.01       1.01       4.47      37.23
c3o             raw         98       1513       1463         38         10         12         60         33
c3o             sys         98       1513      96.70       2.51       0.66       0.79       3.97      33.67
c3q             raw         95       1556       1429        100         42         27        169         63
c3q             sys         95       1556      91.84       6.43       2.70       1.74      10.86      66.32
c3r             raw         90       1498       1371        102         26         25        153         62
c3r             sys         90       1498      91.52       6.81       1.74       1.67      10.21      68.89
c3y             raw        103       1612       1589         20          6          3         29         19
c3y             sys        103       1612      98.57       1.24       0.37       0.19       1.80      18.45
c46             raw         99       1583       1499         55         14         29         98         52
c46             sys         99       1583      94.69       3.47       0.88       1.83       6.19      52.53
c48             raw         96       1506       1458         42         23          6         71         35
c48             sys         96       1506      96.81       2.79       1.53       0.40       4.71      36.46
SUM             raw       1239      19743      18814        701        223        228       1152        554
SUM             sys       1239      19743      95.29       3.55       1.13       1.15       5.83      44.71
