SPEAKER         id       #SENT      #WORD       Corr        Sub        Ins        Del        Err      S.Err
c30             raw         98       1455       1298        118         22         39        179         67
c30             sys         98       1455      89.21       8.11       1.51       2.68      12.30      68.37
c32             raw         97       1491       1388         82         21         21        124         50
c32             sys         97       1491      93.09       5.50       1.41       1.41       8.32      51.55
c33             raw         81       1422       1365         50         12          7         69         36
c33             sys         81       1422      95.99       3.52       0.84       0.49       4.85      44.44
c37             raw         94       1504       1341        123         41         40        204         73
c37             sys         94       1504      89.16       8.18       2.73       2.66      13.56      77.66
c39             raw        100       1580       1515         46          9         19         74         38
c39             sys        100       1580      95.89       2.91       0.57       1.20       4.68      38.00
c3b             raw         94       1433       1372         54         15          7         76         40
c3b             sys         94       1433      95.74       3.77       1.05       0.49       5.30      42.55
c3h             raw         94       1590       1524         50         14         16         80         42
c3h             sys         94       1590      95.85       3.14       0.88       1.01       5.03      44.68
c3o             raw         98       1513       1447         52          9         14         75         41
c3o             sys         98       1513      95.64       3.44       0.59       0.93       4.96      41.84
c3q             raw         95       1556       1370        154         55         32        241         69
c3q             sys         95       1556      88.05       9.90       3.53       2.06      15.49      72.63
c3r             raw         90       1498       1304        167         37         27        231         71
c3r             sys         90       1498      87.05      11.15       2.47       1.80      15.42      78.89
c3y             raw        103       1612       1565         38         12          9         59         33
c3y             sys        103       1612      97.08       2.36       0.74       0.56       3.66      32.04
c46             raw         99       1583       1484         63         15         36        114         55
c46             sys         99       1583      93.75       3.98       0.95       2.27       7.20      55.56
c48             raw         96       1506       1448         50         28          8         86         40
c48             sys         96       1506      96.15       3.32       1.86       0.53       5.71      41.67
SUM             raw       1239      19743      18421       1047        290        275       1612        655
SUM             sys       1239      19743      93.30       5.30       1.47       1.39       8.16      52.87
